19752710560889224374427109
21715638928526613804145499
37974634544359531543785919
43738802610923498879921587
57378006789051478921874269
75769555973066018536273259
131125532061467163855776591
161747899799107865792762137
194054686910523315574241903
270651506611861056204300317
611778632924110317479776961
684057506889489261579862003
1143818510805265407753986239
1419195705602333507617004851
1926187078556492806595928239
3190792677734815988146151057
17106147075169230296074848293
27026728660151675224281631403
34503195622311345143690967251
40720719391742807821711588763
102374240064188709735857687083
125271872251117677556606197739
498153216425511785321714712317
583637832276785516999585981303
1436996722968791731208255400463
2510752481633080696085722564177
2699486856967871174071571577589
3973219604097777476872768947563
5035305378662535685168091811187
9118200093774295240436983861363
12498699830085588500354524160213
25734528000283891417340819778721
45090902126936003546989280627527
99441475082055020112078494448689
109488944645883829459354137058277
166093364010996826400749305988121
176869635386423114549115162401429
177054295483646854177131474788683
287204651302991917230332690078147
337649467540416931206683971273769
515593012496607884371048609594573
837231003621283701970374857381323
1684366887109281586041737295687667
2279032133000706939257014483024577
2654362324233459491238143229466877
2864117509500661608509259148207489
3578729670534445384528793612597959
4763564305952512584138978272904419
7472416578668619656500242897109651
9197313806030753955551131448458187
15355557356214666936451541711896561
21230340942320627293660258361984989
24579611760369078515981208188538853
49983500801687220743466485459486029
60763275597577526970331108552393939
61677266430918257605145410832370613
101495037827140042562661802245359219
149879401299830374928552979265042681
168097331112814307355854484063233933
221199457609989309844953375077048519
1004078917633530822215953254943825027
1010474439070446902441215094859333967
1062753419370492199960920426765970591
1762092706456183316356748450364430961
2794756449617463193818249160650483169
2993831667962199494861487727701138781
3714783448176564774556020464948052559
16854447907906489951419803172190166689
20219170418112911840441490272376389093
35952985427218455944953987690334900099
61867835666463938974438401186838337171
74054365512825497076729593222362251671
83352542056745212941006804464563847803
89873721183587176220657918606780604857
222467675859357127812952584119162912731
431595974121890702489192292052973089297
507252314278268040012386464309701687359
524232396161585136301509662154848182889
2306429300135895689169863804243385409103
2425166597144587211603338436942992651943
3415997562625843956374177822973895121749
3428861267078952453911765905632053932217
3595123858627797599276946602907988883227
4326828276994158726703940991418278236461
10273951762619468662287044689738288878773
13931424086298814034744145843749997033653
27267258210691424778278515684324945332067
42573302305853421640932867904162593981583
49844542732092547385722360263644201494351
67884051720379354903369334350238021368351
110023318840518551944650925589094584795983
293780701905012821207062645022969770609277
310798258180996840367657239104753416491421
452969840047045907831106506403845713707953
570177193909914180874814896496968025910277
703654162171748728237305942162863220733997
1870033212213588277957732018004971730055593
3494665908841337918411715651225029994427861
11284972549937061443452434003840723099641831
12080015256358517850369539510214905054161103
15487741248139478520753799529313423121031911
20389142417989128714043354006048257047568619
28626100756311237232316234923500847343152139
47444760197703987165693392633536155229513073
47680842789841779965642809012216142507731469
55764909826146103237430943756904886807057593
64069348305667530053222543573164208584732019
90161102548907000460053321233250818870315219
126488997128512532919469973438377332413702597
243491053132102372248996068282379732996279697
472453525035956172455809151233306600604387567
669589174361214549687129058130957394590078609
993263703375944700855209909827515894224129387
1223593233101095026694981148282453362919162119
1240583731068630242526389957735904856405035761
2125046255302550918104377994639437458018479951
5343675622273247860450334420215029902229039797
5880962040977302907199616940280726358110895111
6392550202815479025606196532158177389928611937
6630297836890744207747169604098169449750810939
10166828932879706574027290308642100370593577413
15555377330429999431774455792191256297587690809
19532929375529747745153053464454209599958920697
39893869316501666936747858690791228641865888057
60408180688117477323759433238554606783850170831
63655760621238920161116118778903773595829385297
94829439813419133243861193469084088530669761739
167725051284302588260372882895656806664759653101
346677857696493471014345015325626582664778546703
610440877326645524488529331277877886475883708791
663617548544462000621451715125235832853829612579
768111864570952349539546492878482791279281920491
1253918974100484419023947529817024609613866214697
1359454995032985534812222904623402745516790477477
2074188018898393657672453496191649027261224699939
2225903606087393185569776875471519756773800845063
5040864826483654984085413334793676405902923156443
5281407730357102139605694965852671003753669552109
10045478179194200834053497531194511133509807232973
10739516505354518391156717922881192967981854315631
16411057820661597693938318389543551861839512123883
30192824428049085393982499794976321896640713815071
71836468840051254433375398973868747314311922687103
93603645824854483922746667499883215243302069120467
125191702847315714618399320947747929187558183061883
183521184234972320300833844172487056701392317501883
250228695283620342471596407222714300890046546609619
293458663808981737299799548938121521771424577630969
315821490915307652705071132059130767882317696817647
370772211499506924365880802292469457388224596457961
644860563937509074168141979302963502843733731151921
819349783671974576869048667827781871237595058660167
866801384805362917905577640623526883831171317613781
878002070251143572352330551461156029512051994596137
2662845312445614685066667934454209338133701395298647
3793000841296265493910727142003658138402891347475069
3920742641311891825682218051994561449645540382075597
8766907493542820857258525264165393762623124716412273
8974776514646167530845931258778286835814305849130517
14625987929229466715944522445947021784399632794699251
15274491071188550803778296173319195621818933192392147
18098956195008316570747729738302676153134537253020413
65096336113386598979146432625756229237006786574029977
110081515874787926547144166407728497455555944715176137
114836055763447677234147341606999109695091174413628803
160279650210500078287501223753779066507366569036023627
184377022073982548446461666628655666108587647435238937
280318094625449889408544793992898307902963355914535013
400055423044484135997591385390893727047532608673383673
722396092762172617568562391319119287256787587720539343
768751513642489761749505794591449076803574252260330027
821713977126961142946046462610146185113551408264455079
857404550874826081373719536340894189082882232401227441
1227062589125937753686400005763523684873231423957598461
1735285044840542541924381850671856899902998694950755061
2749916991283003841420095780124989931839733996024158067
3789410601540825118617019421619120100596917719556495189
3789410601540825118617019421619120100596917719556495189
4038446791357113576089313115814947592874417677580315821
4893315263253672632753248617034048797548392805201327359
8070618982586300955731402940596318829917344909166523511
10685172048232046520264214263303934693171095487123391119
30887832466809531978909659197165317928945209413169726097
55361764081650147999717969314681866074039499248788722957
74644595204079497788448749752630542919089610009518745241
164805763756448039940162076940964010298416889184717417607
210886224698928137927994195518831386356941644056042047531
360351318126692712055186016574502378465676893533685064269
700265842481574511250713462800912091926349164953371132723
731484997397569302863536380075738156758878293206516208887
972560898993371038534691538727334568818969307807862450721
1336233800661075943405712820528793999782963531363328177331
1737645304162773716878084585464815678274443742565958411969
4764705999940105841321101317394817143198505549893684939037
5400751434570516842989829327829386052491229537988272675409
5649618761410442704113342885886210495241003488372197629029
5799644489560694832098110929155559699901484561745904862557
19353098462130039765569576958783927423494663072815364028217
28076465274142083390265390056212539590307252152300863854937
36435604075649776849981388328734496203904404614973287290727
44618571471041145342868620467359894976428037597856497175451
45009311242077284986785710027901872380021925646904646860673
72187127924906706807632350846054681355751438942155146567769
98571847848422655355342085808165301530458562587853502709183
118536259278757681535363592240625978059458959455815284818091
536829669546692222010752581498691428402770634658656451199239
711075061112234121641566761726900095105070710696789551556711
723359107220681525309405071637521666710100513519580893835581
1230110587090843463955602403315630471326304881046845040432889
1293004294358968024497289504866043031867259504116950741285777
2047842629950599745920255991940447537936959950081327311231753
2109485675372912472849727136324490233745475599790983614718937
5188708555377132487537873043314256587542541291231888153354619
6257019584287865545744404876790927504454729638572730029094963
6478916365860725364351665104671419417502182249343403341904171
12372157833098558202243699919221812192445818531572689212468383
16861371150072984235814520818177008627065060788362652522610739
20631437272457532562960385190475520200754504228766406151865551
29403652740182222766587725813295653834316128682042218145825441
43415142130237258258091728222642810185517082406487949937307867
65693082800211873770197732986905295049583801059180592614361947
95974730924327469182194909112966452907557865269466524532741977
304763077867881302592708591849377149113005562263292646812009773
330542897103026586771099438170406922307061611777740808534991949
348922640698227382862362778296296306994122611999796547016226229
747888188619789170142118702202302340447855908396712115520162799
791454043002671271139446302132448992938374468673859920567602079
985676996941924153309201337232163431902488518519581978331659291
1045475082627342563255708305658409736240475108908654282679312471
1168413966820172853729927181831794590217731032461780298120547561
4211941956951546140529845030341870035538475135684094057490235653
6730285444330586614755085283687591754435960530323241244646358563
16166775592185875388545562526584397147717382932101358911617907137
26713510635019022561446630273135934857619147625177691801894843447
28252334073146146992327038115257013456078499244135698433766940607
30387769484768566697212958347046964662160663077834457505127364749
46892505928497396462125373002527092757169328768050803956202655731
67705261599985820409950458292375223403958945204504675690634685123
72504081367489096997354661759643105192830913575147569981118495163
91818263417248090048482398391014518110090449525448078895679248919
144417745622542715307833493539608422819425607029359332141464457811
249697820044282781649443890710548045917475865030587281155453117557
583321637689349990094387428669877946020946670823015179090410516949
600240704638056154287494365918209517858406377770703003683558483113
2162135687609142139656989462552870545885975618042008915405680408863
3633917388962367340065715415311398515725872073541470991841923282443
4051899368691208312987263836460617237594310122789483153471222576279
4859503458496712744913463457742288814254879677388150256073246577613
5193646141096950779577664949372548417988230329214162715595601165001
7134657026760381655204013316287369076148155517015165947964442142103
7714955172795378261382671368445039003886456829997323937356453537441
10710974685817654725906554057573641495120195483308838337050052221763
11169908704819439284071092338129257705515229546178384153300917380369
11339871015940198347844374714954969850444323750574915933272493068061
19754693545438869995235195356124922200471545744669070893309539656781
32512331171655095561482244558696724072676748186283474055614018751753
44550156662658946908159850721082130282986712969750089515144022827033
65449750356639103618275080568758019420205390665084780073802945826227
68959175279770841601216026821862413379885660592435839212321340858171
73001763790771475910918882136368062051896375450807126148141496859459
93861695360673686241514099173745060668137540130057213970718127823627
173038000873079637061072807840865468556519298156038796514377522191301
175175668367171609110763612725748212894499601616115553793148488028681
299212200667058768039254991518057211401818899871301463308130902574257
606623024230736005180761437764316002151137558603636868029144732941499
1079637959869643313502516393450565348491243114914205372222182018717193
1894085997099402001618437312169919185379822535489279645219264164315707
2118065745741517282893344963693839144101975619937792508004683467148923
3356096443740155144376103512796649238400281639562613817494771115633989
3555250560319324048908996938787058530541340492403506139562140858215111
3833318393476187433384058446453792497450015125789637123816007554525123
4395672866999685762692521917644721773808580105519889768529940997429533
5031413197346978040383214643142843014433142216174142632147129961623269
9752369479448963418084340483800567835959348522209117434389342912386677
15113526780035448795418936448439821670615727879380031637848898991864839
44895257857400891571358351738535287469816483644768613166727994187820501
80249523408318138792055496820810699559490148360563663513627172021893327
116281244037302462932002787535666093393052547131458470361057330224974517
235314667960393472272837232703637740035375731452540554644265645006315243
718822796179611752513442985443677180512906856019531971867135623893503543
742695674710600625014868169858234566723625466788193672734234610827687593
767051912508254759638814053512473663321630288784706921573553539625058847
843059131972518545428705503692241751307063661015636670162093820915738353
1165579302871406202679929068707777961505850087177865884516177693260873107
1496672250479928085543413618887128788438589161715696167733035989042881361
2170811819755361528289104313479089354490008415334100777385480177221993417
3262681573604081887466989043630453412670682596974120663730905162978106087
3627737537547027130446387992847083931478971314750340050958600264182253149
4048183834380577113999716593643509778035513403257231487475331464230491021
4320595010506108269942711247145416955087221241121710765802135141750515477
4976211857629192529311634426844339516077482586917270085249516571227456009
6785032128518961440020450970039554292560395129167565824819072433452165363
11594904088133447719593198689906976933851838415551922275589241056181728819
12799458009208810156676553698575294090630298824494886035777652135137325823
20078069301205504776591080103075210296384066536060231496342960748883169933
20419093777542236569990732102173638688070143982019512674328165878230075803
59003187909677323937943895004240250351022662174941078435057778238912317371
137183870606264486503797446238109947355871680296687511095055961920451451149
140855293579927454356451198323464969622948512770456160798093403474051986679
312311177619018286223342295599656543567170846087621584597507346515645484919
331903689699178887775953134760346932870381728643078426446256739243513539011
463804716061158015973555274047876587330955759095691293287595731350049890703
741668346331577339261628473974753037320215062235217791163321037318429382407
2148466859639690615095694094371664661947897536194684857868080000687761264633
3298489286426570848455194128519212484763804238459710471526230539298583435577
3605087743264610436107877836656681064877943278993053988596289265008843840949
4168983306427139798981447314265327745053933490664440367662737425783995131569
4504123696630092995578624349095986606188055094743443977804988724147840749111
4685714786725437374292899033827089533251605045230472574753396493161668967853
6133790229400443613297494744196921466685266227311296541426079010556608208367
9101966793311900685991197435184507104918142394520372356677015762701689373899
34276038561092619259332092615497812654645286429560004639169143962832773175487
69523337653762996845999529208455689353386362437140681046763740280559972583891
76375145929079809257337699361838029361560896102896437049320698083094778398903
86142832305444104805974931013159153934013069855398903958567428680678661321689
89106532537845894402881909272601794049951999373007010155447577522042442583453
103164180232299088377207137716978081369511907908744269531445212762903464856481
204044221196036860025723449855039286767184130518805927018645114193634958875459
294856018342168857635911655482395609858059798973853920616825124331923523719909
403812199724912566251920780080276722446580481982478676192370173642585045271867
667884074091125283796461770540569499144526134251604510007630971828015430264937
787960712708952150491101426053665768477448381969083395804838852943793329600533
1641487760331580506173224794429775415741256884874243253784238420186106683519421
2184145829357233628890100996166079225138031682247122899750117424548169600353969
4304958750802239827713636587737176723722407769708084584489961239354719651118999
4539395951518371648278743108066207884302809567117701536546214012585889485426007
4869201712096560188433644150495444422704114223488591473499767329369447986570797
5813389075694750419984835799323414544098485998147587398522774734261239034491861
7178185820943541578832714911343525580990476544505101490366858906223893144174683
7817817597348344873968675220160687103086294224991731193531704280695781388349617
14631156619080204331866637822375495957404164533750173766416784332666415956411689
15461428237008786483626473757009560621950994581084116168944280961561916723371371
19033625094470922343448169475366723543851613571422612589716011267623496666185431
24605989085778359825313803097886709783549203565638620284821267730899988168547269
36131579155486687071233148669555129137561048805632105611311860256855848722423687
45039570936280576515116099514183309939107958311182476510511033294696690158133951
76949042624981451570852486662797416550325630612249848561734173677021009612664587
122308390062715796668986474205266529132051856153114280132071797601220513017017531
178696265834925666137416406228197058692610436010798468702535922617341682657532803
382610670544334527763419994170761207526989229308399641858647158866983551961471277
464907106306896242290233370978801074153512949765098254747311013137268136962870237
475840776834193848412648757060230190796906822757368993897949129341188829728958563
530678796051510591968898768418833236877433268314400372719776553769219722254423809
1058225712251204435637138707345034234836102999225713474871134806661797960809587049
1395383221545510581312478893418333017553699822899422359536610433615613899316396819
1784800186074530994167864121520131080888639941674755205050749625774832352001671153
2391741606070834946354695072037150187935482035134580114532733714761319797847544811
21230889210664827158700161390248655289463902144224209675881499894931394858207051101
21948554477424012025221634417739612070559122243739793125932239175691431134575073401
22003857164663053822949972632519991272867078760188133131342884954664870310746400617
30487132052831881615274519476098819893803780261321199413225480117815928728417974641
36727388691089973100030188117333926663822766341964441714956733007413817203823530497
44108157157580090257634915408298676808571541251643755219764070593680390568927102827
66565943397490440788938343565897960629317711313045298690733546698138208828844492989
87005979714791591090288977596127840618942748137599778167782154826146512631128687167
188785726249396584242965358772543614089835725861452905334535722252042310062765555809
276601443700947103279884373675105616956050595223402532868679131924658368760619081917
335033683714581680898621447633912753454846220506459032295831494575265527942538800239
366046374433532755819538041391202345288084332018354975492376107334658787198814444881
458838129517969143311669707352944889183597309941675506882254760985977050501376093073
595087539796497766903606692253381308975744366174684434625877793300371484171120529277
1694847253913225751595059700255634813201169758724777626130770528085560752841206394353
1760668726670309058910962142962249507139192407225699224417974225373343945304848411227
3380112655094031048161533242417473694161778276134921273444239774593195868401544879037
5172264468108557833423932740357576832870650054809924432610178487426320508361729948243
5551990591650692765555295622360827477123718038001091675644511007590014500502005900293
7676545825238647472947661760773003760959373059207873405788173247390772150764454001409
9830230391434604830740245005611361443256929457344223327512741856454565147869214547577
10035714667030330709206248728258551369430974560296361214398097846278959369111545433933
19951281526914413061043552331181416234788959855545865580593681930179756036702454939313
39596083949943673314807156141587686107992773526222336513025096488224939213875276580813
105255048600839606240461132989035872341504890554673898217445547978855120363034478413051
120426143887217490240772409578836502088327820773990483538034449408081289177245077134187
239454898909723293014490397660471631527276397861558882267952207570225363331683416453807
252819753375735502704805104491360771037250101450215342610744687089429335010425894984757
262905472906862500134881561353457746930235147553139461181830521016930389787651193312193
317432834120121312239866098286267932526485854919942000862369259350820956049527881681209
462491772227247790005984590432506518103260225750753915215273743595912556761696190278177
540658026142906238023696742799315914047084718815685225929956450950208747192513767801581
950794990017487806533287822483859303653016182834139040831342113590908874758860159080787
1415716528321068303908458162494632172409247151536939468519835909310971624691109057165767
1518797372417553547843176609130771365917914988808654107414755214544854102073498350813701
1526353975876817301099093483752088356956810381063167590002963617173980614193371679993207
2083565840814789841728741675756773684506152229884067800414828456218939740702919282918473
2587387142723671954857220563751238067335994787507184647433785670838407122066756462573217
5248804737650405942595374109232275167857331163382773703938382472806419082932276759286381
6642833773501315998335896156575202576170675838460336178196093729535300147014690448232869
6645322238817370565267413417216576267967112635081559786514990397535852342153995809947167
12278141246814760365753309154918737053084550868715052012927026511337351139838228103942067
13977155824619354589211167048160873864484762422682596289114044632239645462363843899638979
17747575585960240171759397458199723448817273954027948240722432873439282827530410554064483
33087810628591245407237725899592242492107314561586267390154276398931156750307451341126789
36873732788648236696108109427447257817959269237785183790533803317690108125102192650528873
71160644491835753679329702619306906679656327434691032042916019732283561245528966562970101
76458450000632825042731124284834237995967722381054968744991703174518073513249620654434011
102810811626662241943039128586286386020417408093904827163213809384977190895183199133779819
145180554965746228612013283509959258966267599876262216577476158569236762084738434227357339
205241923289035527341913593747705857168075131234659120223656601686140737430234448924888101
238510544163587362123938585707111283195352485738190947723403982150653855591359020063901697
332021942680389931124670524473943081819520888943256829612071538200545607804437133216411729
425713912261524183743252128895830901821412667678224506450668998648613947845201663130003347
484124945942468364211536285493881213932584042272493683949942860453660417747579857456936171
710368720228114548020543273882340114041907243591032226769789786083881968891308771272358559
826336798776062749945596105624994064516828885966708856387790979788064239896882186023788201
2820170394681929077730522469796976294696598125818392601055984405229374358517755884128613363
3127447007238818106623671083201563888958137171509858906998040650564812880898246867811794393
3134250628141332820066615999761553588030128466450883195203969527808856525854768936168161137
5038812100786720409189922448062788730966578595916376979843838458570466532399977803448895087
7559247524984394986338865475808245994931340796385291965846329063588817880299058254282688723
22251889060848756593505594014822067929463290556759590436645381072048116225356717021078336877
22552618704461033161359687757803959192821685521541935481481757460206877673851379815083778549
26812693207323213643088864837804110308963119934528498679134625779409170003591593914824100543
29640882284010154572017353279355190839481946734361766028541507011531555395408380619314133291
37563173599990019513859997485866551591953273629245792328678319621053534025912059896799459387
79434528115082225856944256165375924878328084070725485557756662520818325332724193270776122377
97298464394451032285014498028429991691706930531255724663191533856196621567402385314307423199
185734143797265373838095374267219142003105776914080338301476446265569823769595151063765058081
213041602155189610387020850780775815558611059916352195076837731718422732386322521861750612583
240950162686013745943685816024911092043077032776658207969801138450622945648425733614616471017
243355333362803492727018620028335468219667192825700908803021156521893976139833829679817548479
255222995355359196444304826431704762336382344384195929080392045449758104847974461744915849983
414210081042325771245594186912793758946163125113973100795434018992418449632536645937742158107
484218158069755388808164647379316315407317128018980638231565366773985335567155566050752413117
1394896228098789430648924842755462235988129743592410573975230048166260230924205082824451823879
1852818130705849595917032895048857861942690760450167875403032449784493829710297515496243327463
2814899465501629627559158262762149753847178885040229673317902011199564660196614080621633106007
3626050123786094350380778666742457366295176239102824750835018637342688005667633619103885344687
3729751577160499978450615210148626355260477615157956792304016383588240226609567950040286677521
4161175468232572074878777380668203514331766939071761762015002930187623017950893905647402651563
7812549466719918179335533834718233419253046292340300053138927024403788961529649916049502367529
10169164342116703432570617624427603361162757357471678046104503041529582029076523833383754392211
15710969184394283035861820915842089951128882461521942683237779352646374217931549248320543670541
25126656536799344130569955665394151211018704170243371502140270464276390120366754708971501727639
59234497909683656133362021832061567220727699701764211643567243525672118753343829109334042178241
66689951207987223487919838510784750899608170779009555622524417788341476320521500686435397274267
80667674444194517751055407434767408204345380938590631525081577396260501429377457130707349132479
82359541724185947444317650159985010426544910807747354261303312799288972408544267026394162226027
94553616924958035823569805023348835096490414578763879367764218107207191422078778411657231516279
97722112955913130579831693974060169618238029326898687824280062971290572196105873103276179238441
115716137735882418753790264053008221600708583640695944244259427667046091140942463019742205385419
232140426656752486578536101067496738204811718980299056178469127895684631001002418771174425909193
239260775030135127685701610589437411502703499210841260640529027983041959192628370878110846639563
1157863933182182810546951834571054360694529439009701576722767161118507720012028268803063160919203
1654927770429901881696685683392592155490161131436564939506589921314518787576522198322372158523489
1766446233490714657935824525265898531846805637918692575080188418125569054534417225635806914365239
2748934858127520684186547868859421330368940809180230656617228777776658721216465525927463320232831
2950984120643327853227772137031812441256745205875141367528867444251097319356247132465618898824649
3378570630999294801187135038110774089073857414711569102641779495207843840562856391330677172699747
7752949203599140216657678596862141916926686043828409821451852414194165821399176424368063641521791
8926936818030326622791397839080917832370826573594821175069645896444153590259960823093577164341069
11281644437400937991415287936636227509743055711761047607064962870944797645531731939850785709964511
46888849344715653896057267135146124173694673357861521074063871556235135051216887424334618669146649
56777005769833075924351169100791579387977808760083121176900758899871669774361153750689945669363397
56952381478259664483680044617127530668508278561200126565900611750764157698770087973374855959261241
67763728309343295166108783620653481412293939887517906489486100952233822075735824097730380039182869
123021680341868593565681749355662125118047958340466951026935940181741565225192948617224912805133561
241915735055556106931105447395738387288291758904489313282260137621384563005537240474194921171644399
258058106448057902542056265577570907312919985481848610831631494612255789174492746064739300628993447
861051720494176181874169919417517335532341108854035061358968692622924465005597677051545472025735607
940052521942093562966598477255256658667503233603791203892866938651616906422405378996613173316190017
952805297420105352765999186736722348330477806063816327314271428027273333144824899400456803387127703
2503107361484541445923776590382400013808679083346704902727764750008776516109482436749285266351995347
2543688384378887850185558042699539468529142132331952428201538130275160427069378014052035276874061683
4087298921025077360535683423319602039762547117852946035473035385033562096854976713952103478667471203
4223640055713678418052831137875447754111543475375586083127533494946248261422092374530080367442237793
5881466695947906601383297669773289436402862398675567222147485621895146130973300362044382984838113669
7579696484370092499346091999108230461783385624909143010804719703350771517250489220962947666510527397
22749990522994172698769442506865641653669916592114258757043735593150889483223544955055392679532689691
26822523968874811404946092370053759088022324922685206288344135821718293147524167112195051501291782443
26970864503991447808551415247733448986670568921072693805144959520406083214151297026309609066991035687
29972787189134783849691673624219318503535761929585669765319038377214148568443043787312109759844600127
30506485659970995106058579836441945598016977146288733935645286453248867958346402378511583581108399213
35501397641539623034136538221637302728327425229078432974086035093601501975641609682216218412472481163
40910216053837736161469928168061171134067336586100524739493334189142254525569104681737352467648364403
53651773361948719146373889689343118448583919399797052724226782503397285008777020505276840497084209253
55846197448673134788359188491530217200178694269972757504405871932149829109789890822140463581070858391
82632942605980780753010487997817377056812795558920697538281697608543435673242908025928570363132431623
176858372873435277587668880164853987102143963167479995494779490049326351048127475310165121274361349111
664974817814247003599261270163077615387139644480304245625210795886534033283490604136008166104999681739
1159218990067958558415524847347907491252916069449398414134773077017816854029013791946998392979663351069
1367759363845661748889487822733735095234438169836615133413181634487469432700810214234443915156162676093
1499273729904362290850184321265260642415282468219622553754525386288141048961080818732539964808774431147
1579016891274955630370244247206991774308692209149847062989433689173858794966919681298349635588881514207
1605943057564828536516743276732057593666169110336598207803152762895913985806277694315565211249338833061
1802678703339307168659444792873857874708452793954385324899885129732082909175444451274546309492306679089
3807675335907159340083520630329415545698249854859637666338909958495622525257317365451536357973509324843
6879751187952300662480120327703444037209630294175769816692070269068104256082777330668058040399257705537
9190921785840279599458668992237951182632252672771641207765488653966428819968029692399050526541956188727
9680772575513685667580454407085027390879879851382015403280923597019658511284914361233032263619813435621
19554351979633492493638863431758071466601240613397102896166282171771319899995672346462634035554935392663
35541216639399842432642692462449282651007717764524386475494100023763688846316299462429911479964545216009
36594298648226734100793730754065978959613630884900227407974405568384938964776002638249481727507867093049
56495239769206385073203865363400052931343905488038441644556119217037569950729473541530359283220824514137
240746035051036795371584213043437210270662816869302688115526212676109473362763875654729772542952948633071
399908852494767498606910346812227426332146604068812071191509837996977381529141490122904244439456799576879
404243835287275137728934615824173157588640756888204851572632754292616211226589281914183979368215429553409
411596455831404001510858914390357575184059548385615665695409410830532509609130899981006753035209104524403
489490645924524210319721868176831094027859337985724761125147172367583607723721420791631616992823175447547
1116178382803453851517269434173202684023414038628391708538354367217441542154578999446171285433909444755499
1292583976995446551536570801285582632022633313529604486581485412888447135262891844351235012911120298140009
1346489249145960010363653756697788755731577458586281269993280469159057303298258675336744940173427269878989
2266954554632281989662385975712140054835970363446868288139623073270058399126523159630051943869821693845233
3329726342985699195486254638455227382885322345252204316431003528287476099838251703177270697713063609750989
3438043749283475771063109018083735366645645641394720712278441863620552707801583480255063798528871497108613
3793502896804835819865322289911331971557151013263495429469204865414877835852025446668993413782350929887023
4754369478793470739945921498622144765023039791668378954174362142323157011654160923566245636725179770493251
5692935671670726446934689986172831853712843584802837479663019771309457395165302787825459009290046803050509
6437225752491529790972513216371561390840506560730152819053473518031738318255257273069721333239263684625687
20990605104044066133178001061183114667806012070262638709045556545026150084666196746129501751998524892705693
31489401883329484459576099275955784535414658884999233293590421021897453910514621167006175131882604078347701
34527368146606766368898324892591514411154597009888245306860801820348958756783054747639798223806021822013637
113420382574543325989593993399034771896177427513183933946207538416071373438414903164444834636742188129595333
133707963884865574203539278089016508202886453997872888728548395968966236254766020724677001544681597893005391
186231850991695992905936676942489584629652700729391006526087917453223028502909488956900198777985395130264401
334876115487096541845122580809488196974928558922774839725710097549539177840191012313930073996857219950426273
443249069194565383662783583450691555719451954965877473591137590610263005597055096111916426817953455173582397
464136064871214821375516377440614789103502353642755256432555571330311213547886247256761632853089476280930017
551819463527935970503761344637942245071128116358262213930886602976938476018779013411512322780763517740330891
970508451722636785095583000719387315042964730770004685803816535629293343480464537230636051278736477504126809
1200354718572331676973198129611744685248592512622431547969134206198813845183419357359471324156490424146707769
1619798096320307091716994081467869612023994899869645204300659781621962358706200633553319330107744252313817551
2732669490963247970132407408603197123936649895545968248526601380989772051101502754927217455001886905082668563
3009959461452154670588166317803354868583664483681471005718841320801336558762283924147155995279497779847355053
5061121246581224297799735625821970138007916333423967872144608137780561747691748423602468483314228112055769289
8653200745710347248862805503281640659288594016523794804251778499037132442263384998641020863433750282625147009
31683332824215977073372665016996349482181173790888474658146813157013069922253006299055601872893865056961172101
32025758289633433407980883695037094816679263769746594302834492526374189877189835583280194095409599722955751503
43983943332156047236496763515263684144976077636775862059908497964818566481894006544279995509601652540174840673
50314120432613305906366767042153744707686879901788417450831537872021033305707851407946747456194967344421879787
97702694125262933979512569661739064714522471200315085827722983937635007198378325643616434704758391522486605153
102599583782869099531889529012942002205672128706485194246162504076529009458123985292685163239691757533676466833
117045712568215491063544359708177465698740281088058775534922649502427975274221397622270073249987328326878267391
117981546367507128630358463698510935754728795334798966518089235164769744289271947342887392311948239140612479373
155467375511489298583796447579634165007443816440878717484822109756452809864260755065586192329117000176459995951
207948029589340138121959921169976831097471541859606297086207220133345423196892754581415013196162325087392435313
219856291788756267236919564775406965163264966070066062397182126565971087492042131245153084037660691292715749631
282715455609601363574033241013179374626576330644592648007833029214752854778629367254148209403125024266546272049
553963017884873495249585890730215028352530455994454709949639143174567955571047958396669564472062743728858731773
1130069096004110842860519639292579401894297042346171894975842113271926864590347519360961869869936314939318151863
1280721707279782567960991958966292340868563263206520732163274241286524216814618605593072418694084938965714120727
1342263443048093884927925671447012097398051855893808001704514829310956345129834265696068681301719324518623437529
1431814063090481628204968681697768056466025218144314535928264542508412300632777260464697098095415567413571902313
1804690166441618489645842509836456412516986169515127689123911069344764905546203144962816124264909991055314620103
2446540052509100163862367149943325993994072993193123110205898403532868332288054007843722767078162143874555195099
4166346711010153252277035226092439500595401167863880599268346923798374576847737934587383408574281432766092298507
5114963396431885622585078679467656592375428657347943091885289660845240023572530915952525005383590468378953207887
10485515989074081318789371628790864788613163951911413327647199753875814747316118110404890017582525613020703306309
11266210790800906119266433072761548654593769295205361575905185489339860050238881523203356853303865769224433594091
15852865203750736833929308979542006387139685150875314687106148565010925025564449504729672268551306190051750181749
18673404698323413484697807064185022798310422787945608633862492226712053470127515426107043725557942051588406012013
19387340140080598776073125458176992648265463705626719780903534472181217972741803712008056955314531312835749603597
22101790238079650259994588541914716981868542319029319041966727385321573019530322643217566729480687269980802436463
29532264445480873577399101039959519455449931268003911732204116312384979260739213168538990537395802770235346905097
45945850785754738897003369115656458291944158134271496703564395630216520325446730076753501735353133923274600860007
109478917375196532649585260422706954669244266724686095597171858048273418762673762767719180141249704918002748346063
165409130764414778603278021290655312020530610388612444054020426043296737214784954617877683072382241941959859404059
524277780585788160178607422621150090712070741398630398744833886723295593870453396968325269478310283939925829092973
594912142987416278514362622095057258987434310373146991186923171961725918514167175106233863372223767259643338017713
680551284272337881047048434475132635604101499208701053758724414515396403186703549351093950532489254984394427825569
872845361561833046925960222118866784915051987132081680517312202068993249382449634685099895483500434131795010540351
1336689420546112806807025757568494096205923298265591706367211563509074241827345568503012982803010610928572242328199
1351981348356749428925884609595625248727313046441540877992053912368274670141776702374697471815729900211107696154319
1750569336148626592940037352466101995672691776593069214822638281895544327435383807023454766508474611142014577937383
2158418513074907042749693237283962485151401683261584314742631958503452120438951169678684010770229441010406057508641
2493342507836210259000204980867373606492113821501806918201111907177312274860628507599617506371884275068415338408177
4211713326515110821283365710645133997760279216609488511336009470911635755975559912744771018895474329172638150900999
13153370423312210549256184930792567967173130142085474806465818538063668531015142236898228908152901344542647290251583
13447681149435078442394126037222478109858603258095114986114985271893303511553989523710484729648600992311415600133083
16692954178829962261161427757127733131056594386317966251803043394805309678598472490880821435525179361521158009963233
21227886491531276054066934373764000231802471895920364983115226741995520768497432679115112709829662936324216285820483
41537400327694500544236723680446937008742169254966288913617818389680978052763568924031437555185537987270862779256909
99194536771536015117090510384587812345150741081812964825853629215061080437273970313487647467016657382606190641895347
173083512444341112687127246279424060163366453864980256088964848795894212528573535251905722660850641590485740318068461
242616066121819080659024122416395501694960447742892792040768096714227670158971744713847580910117044092167371620934983
323859964234011265279199105073454162469875262993628129438650909005864320338503300600249114936753844566849522000914511
601397998098180371370892961962375329038914938018188694032520132017785979364403714571009607147969624778401686178893243
787329944592282842813249173861580378322937679202565005923325024439369599481899051130361029512820595121450423191452793
866109489471847355594076601038325026107271373325260750443024776874477377746381012094592139062901825900723000666503851
1174164040623012470940348380187315599424340996309690720118635233162672494202797574759506146047096593512260992294306381
1980933748849565611440969622545206486802370646350201454352069944756798925831038156941093585899764949758700643228065341
2396494848501897341508135415878328118054491274664886827611577740583293617562219622926576077468681993306845215798573161
7213391428241989300079876237033803137741270950085161989990978477727533360800945221596631244708120082513208639335755619
9691762658009573467322296779561355468976951171061027399117069531002603498274499141698772192668690911430851771502406697
10461589750675297865362937600808608389944583663433345821091905004196011453916515840735109869643542193871607705007356317
12288256718549891799693882149825667350432641111786783790510081558956786131980320508485941287380372127346719766082825057
12487042976695909128786684411017068747119592239410170001174599442899537014946865967688820850906986946732056006365938233
14445549357021896769925287039755044423973431328210213608280885742795751587261025570516754438566727232393535108535912141
32761016874347924526320517596705461409050117303323021136809604978749593295162055960804456529636541199591426720559850133
39496262554433346286952551767128419843528757666713012161521071782042306083850207027748817120982422089506921949026174071
52266205131504198333446737704992078930953821570580243728544215421154644702928449008345955880379777546054545923286492269
61757636641166326820899447448790457533666032340139081471202085333455331409511816618795068269397213308352365229066405313
87857543845230602910083049193128556273981198841622892748314528936668705800343953546509955115874787471754957365668281623
312892775992007770931032254443946649547306758572740376273160768891873124178788470487818630220467785056196827796921805591
381655240419876550038693500683376157789244836565953705086553671213438961299274358826227984424750835107716397482751086043
382007765530225760098168376622849191949219292620983610360914796674330602287173419516858270147789109602061206346480281159
851876238441471458047357499971966107702299328727049633498901735777205382275677257926121229091177215181921295569207666501
926241439374473270506088524230685642715298613912005641155404629702391397007304909649184587751124441168532985836681558439
1527979095990973292077997203321736294611564488868414573977746102157738437344838659123524278452937649274133508348060351019
1695943943859280443204503017199258369777571435769812553578995472194727295178119207812799171033841077548845558605140722983
2168670624133402041761002039576084027111391088940646886430998286832201588578995607775012766887236823732969520822726362893
2255030594757061940608471290213106776188644987634857341371025327691894407320893756538102347778664593822901088025836483667
3322385347489448120353527365714788236770021167365701253022797624280293167601351809935845045143642172595697813896821559123
10641843374750431392652496700985974400783708870948808524551708069169738114623130830306901291081550912524162300346903995607
13961613129524890463448602244007743333841923665756018653518735611098529142243660348916417416931795256414960929641925149859
17050921979511642116508185866036269286337021728456504565304986008797915909260831564150742569932898177783278782171531340991
28853513094808489067032511898938527812805750058627000368711089970602858037110819543031368824250443751200382013463649245527
37149688977329578639512896593680576031457114636512687995393357655748593497605682854431466129773817436939471740388442453169
55053664597830596742758399926146355743414376343379431967296232827366136747292847561798984720072998309492815225972166261433
57226549026463204601557333102055811937775644167682668002473895122004052201342242646637406956674807658400357398541030239057
130813764546156651713324819779255438118444448588807380715164393624833879309401420881038504346474735432858155505296946276711
182893689884651222984961666769730952515707573592839607306259698061233859642096330269224064361556446390519107429607082349771
209831755705461336212701546064322306064782456138483929951910989898361255425888667863579939132078981843934159831151271350087
229037552181481249898080593370428440734965426074948602120738190452729285450936457944916971717286267417617175727036426079711
276049466226631322283354962300928900774394220394347514650508073578874908303619756493621002136063956402758784835648719163533
276049466226631322283354962300928900774394220394347514650508073578874908303619756493621002136063956402758784835648719163533
276049466226631322283354962300928900774394220394347514650508073578874908303619756493621002136063956402758784835648719163533
276049466226631322283354962300928900774394220394347514650508073578874908303619756493621002136063956402758784835648719163533
1816478719162373061346627880874631707342656336320509419107019401286711910454742472691784342706881131543508051703998186431373
3458693794449634355705727344903456453857683085201768096541830833012617883952731997989713056382550138770903914895113848780697
3957263544355273417611292133057360475808713306613115631876476987340712074913359416625817952187000166353366385479310245266017
7792604503864300282683376829601952440161325984290323117849709485891894880657089597687370025496111245803138579127391382426359
7866874307038608207619491929939945744435077713450665010510045200227583625026159719428068925993709593118085219403983049432839
16513185194055890985227832604501043697050491646669610085382799288463899289969394226538887873720518123624565198380260003624889
30355589462781184889647969798939905197891788993306867892691185207146337873877605541018271093016830422232488087260851375860577
31115236342315932279111392021236956010510522892252576165914131451171965651002916243840485868927650706025362526821470011729501
33631432348997496154218724959856733239524146762284186457040867161583332917280688958202194412896168342762863538041720177871109
35700815862851547202615377038288439735962793437083425623655094926674636208602308804623979927220792590246624898871942779520421
92246933216842864166545722154012690004120086724840987539707238922904239139594615521040614842370294408474076756386222682493723
124138660345516381646273780747681705834900259963193331240418875263088608694605528667487590909332321410490541155192848335303459
236672209512541962479335030199803697404243693601705565018312434783702198047395054224735893308901391010459872871907039357646827
318321528679332744374059974779945910141433831404797845461079806015273011815447460733609723145863456564097997749439812824564829
341820437681655209731296302919612420764411758210485736959504247831491049283965310301405492521940872839704365904902541915215693
380754208925512361733108306635840744184597524730769492051877766138941096825183872141439642312019287697190353309014805917953919
564009418287180353010963973537782231099972101133307475765000056778321737849899796205951052408057375370713467680021370296918271
572606965186600954892066241264101296013814806720127329171795098125552831061178548802268173847138786129401053926680827988093359
678744748211508065617070884742008920536513096479683689358214875975381074080106178685564375284099919005128732268570740325771887
770831952283412054403124245951718395568711338961455930964683966267533182675229385911023308110346655341386334166638404547830821
777892999320096978601132860739648547541709763373100218784930671092133308712842554856438388692059876251053853584065220642794301
1637385552009957497871531537900228860951040228044709042033658496841236109722213685449416916265066803520182269176418244573609501
4616926573421101479996262585584434493176001204965479178188302616125064850010810521229069466331360065503862994803986955912268297
16692499262025599815808955427043247749223082879599670092517737366122837911424672965338061161776135403790875455853836709180915413
17359998138624773975980653784859771975245381039843222253686161731477815812930800782666735914359099876741644174304049411098813549
23160954410624110694029100102750918481931256452085758086673017385267650615527807239418387943815363945881100459747221928197308557
26060167672166952737538474347057878003648926973204579172206082964792034732848169298745083099686782749484067505253995193158554991
35417066462043714019370228506148618366430331806154800121175351532036501969454773280512951470419983654112723379850538624032037673
53861828589742384517058833750715348127176538643076437544648083014753923939350332931947735171358382881600406964240125245367057871
67117786197426987794937574911010695051570184694089143540526112877546569410360485458419122872450890074573493523603009015640712699
71753497901407293543571936341101834790452940135472516440142130888865261415654564650022141751361190410750418274904836989342950067
93685576460025306098592058344715576292352350616819466679922336085028598235164433359653517050413532686436953621757759909881748477
156103025576026776875151217989724199342533514043899562814215552643793589878339175768142567941835985774939757758183769118199128987
176501883333715715431830592561542027784658422416176016603399448298908826394298937735363764737130097731006822062476559233961130183
235533551686191185412282551451652775663779637807246446922121182723113295770938508255717715217965838422959541858441969209452690629
441261915293410512706777970023428493942263333366923910469705428442651760443221323386535646735543396242260869222522042281040115423
534635265564368754643879254372006602041676059259538157092109720565664508898916738254415096895869840721010180028914586038839246921
1088864653109079592200000283101329774069565891531071868790165198391203718872648526508494122054007239402747404854592828915129733901
1105583832053685110228892325939562138743915740099042446455108495284708505629435485868350545702600205773716573628334119012014527363
3721233128823681235078592476908289107458530508550997322786740639973269223102008091442210771493721200420527517115734198110311937839
4920853645686784212136400655735443028229155975096664606676518163750245409426598046657041336461648581321596134582984396016706184531
4965926983383031920205022436752397576648342029303469138411346292827103541483290174203778691829204751928708481033262792993109300667
5528490895036207491578431323135356184548106353657517028659999013557533042619108793481699012493689545947798190406984804643821582087
9482440465121949383748339780126422886571291968394188897119653162990642094043582253817207312649807527798974020659960036943241044679
15672369702816391918655686659094400359107390353026604115743236211183284060225078161741238415189101472880476975882736252153349083079
26573983706986821842145308077437427057670603416893417128251058916754351251650771507623101751500970752585160590837519886658892726527
30172278266628429340981421462566296179181326828344578258083601654246159275435508513094663890542079116248298051199211512794320804843
37185272910000020673415844369382344353888151160648533818784664741787950332610056042573797296595984906352262711542197051803629148991
38628254257545257789518634726193298845118100424458387712572810182045398368768888512102989043023638699520594632724173875118188451683
41765998623095534581759713716120333835719516595936801225909626884740547858505446126396197915877528613094635590405751410546590144989
44506387749518791315021614502533367795086773419818076811974510929993034655828788215740230216495516010301163812304498578911169505151
46804741882825471985211707681918029198009254119455011622779582686615773979020116047888156571411356612551354315393270456046227055239
95385012643564535299296474782392313978015065262475108430570747065972559093998648401939672962151700564725336234511785450410684763899
199806656629012259736130350171687394363090317983798480993378723914284477540483145174318328207084155150827321396140513988018520636921
276714950114633415300179447481265560063358516697494001775336963855718830137104185316494122334857444035969114886528213379720268912679
305844072222037441155902157760111188221509762866744350617439444529844937991097172927538829817007434687644848254163913837601332508411
354975893235961303524895758529787234260217437457549752158629135159105342895600240717639374516362207907543017144858179172402797434819
414512984148672548479640129750634611029822604057898610819326412173544665714114862764697261455360112622187899801338139580001677545237
695274946294065747657438196099222255956992941231089638181094722605006000176184119728509584753623534412843987956043153977987091972607
3006466102001626659747604746934633066514118538834761329467713142039713061680977892873036401297907490073300838040819732135164010912177
3076939273395259182688160415650363632028089551305321734860108853312612492055563429260735199747001231032644529993716510507650569965661
3263025231457751518649050864036366719899403930061694966745611867352679434981579375903804514350054363182618781037580193055694959042103
5262714418135004701586060968789376048993439361424558289197450324112412105019880893251701474466635167089562841412291318782233809606687
9296686108835118586653281719359859059997898410828990403700169221153932993914562874556234401836019893968433736735495217537455052608731
10406745505987941030023060560635419534383896126519994875403538651442273254740231750840304311039739886858142485262360494996970857836749
11480015605424980825671606167933059346695603603519231347799257227672463076806555097122759225846732649014747682712813760057304096815691
19204956815789220997798163258241335936986396389648088846440412808763288867652591759574587981305262627837869908866906223242993784258381
28103118028783299124826691334049583409826994619044914608236728910409427809437181783412571084751832119651353854474158434752999567543369
45544368387040323421438243333267174878768507275858707124279926559373362500494855299472327025312943858615205422351728784687659259145943
47805105803965000994804305118855470727205364759963880934208078465966498581525908298035727434576161530574758639716113753547726272000051
60676590502147573332650157978775577442167929910454451452640292261769659619319250979932173871697147527389751399509127510682563819350727
67516582761734745870629303047025838774165940886013336147043901741294908036857250726394797079909679674288307046476587266074807557940019
183408150193237520362160588595399008780772056025429717347773084960639479266928830248835485671570908406547141214316524702470245892753559
277710498316534801092730418897381333479640304869409208070108479120359697396139786272808613003997396870108123295052957405315545799350723
409218433165488497515141110774351456829171589962564879826198653527551152379177703102946566310200334003965035836077528998514589807106549
541607904633649411668000937101851131153474628697754432410742091154011304201254142531404780440373221306864337953099714844810317111730641
560867023706001170424696721029577399176845951789288278982592615625331447122840608944487722208922827751119192461071470273100223557472459
826452925167146421076375795385724202251429946511042523885640715189323151705519238394382574608018650957753579088258965695012159627428507
1192096939162756809840297969120936500622462094599596893352730877087565106727015762087880582520243998585205601856426307670760272581294839
1313098431506903851250409377879790171375458773749107091766228646874318189647814790389253389267923114240356998613547353685786201797760911
1919448790125227943329345810996537822433195900473913996422566433659502265302630708877934633710536944415721427875525071875793258437619867
2225333114328307055009239134584992120833226305520247260737655695509646145594504254276399021115305265209580748515194936271357745267387789
3482516870423173983960025694965958095432187366138298591067487062472478105929301736702940926637969394102085709199268818393908130967700717
4973170143706338693671157531634974774197722935037939278200662939838584153410848929728051425498591982371134896338434967244582338068854251
5487227198917343322277647081392114944932741180864133474503093005744612056822959500311559450711589142659475182650058543467964596647900343
6193770679468624617316411714286967051412964765331901318322879290275684947862097193587516981941773153932377699134560240003660156901965147
17036757891137471626885540938476472224770913103488689450839985087944026460180491319086968702804661046876499520426125581766995364952002801
63909817297565689655234137517393636480550605296612346883077172985704245012078894214913189318112580175483842750237213527056644948857084591
64742119621899837347763535712678630984174976105838218704000077328968333443356462922988345813947359487926405761750738860015984955511271307
69227937464326203569181494374660048907894113061082527105648264423185789008857091892935154221760146424960162749726331256583168952421490779
82597470106195826363699571709903351045056724479896237372344013132145140178746277609553322186002868998127242626948085755253222873292974301
121670992494739881806087658875577486358505891771138839100947399602921557248932138251094285732514692948980570962993768759322365534192833631
171716739117557943294697155921850983619801108435152694012390989672590926493294453244048633044965200894725318870392681160953737640993186813
223728626690190694439154465291393935095802088051210541037176952550491165835341913386980952113887557933175455618718587989894198007003423099
281793522069736620915876154695048710811700009160253930244127386685507642651884692027206617207389614993314249050212432648837225321506965157
302665719847560490306264086681282101934008967055433534784237535493071041658466479101320755965505543548256883807267993005844635001426175121
302732944641288192105080640747661488728111937166097140481873704224220282653787343563036843463633780674661464489425942676273592568325940591
312895269042835494659038678348369118727207370420412625625715845563484583811939820617858740892139033344336208965480440736301040712064415503
524346375126162191065931394014523783937875082658800474874981149089551525043435853508466351986454244252658286494761634157294182511155843093
2400472031067714102840568845293831450407231802290486820228098076160781693884766512099369438202498511200305762995307897872084603130992730809
5911117590106289439217017413932253015367173815994830072480080492763504888801906526910582591413712404209143819891468710140302732698473659503
6210518902218903410472616378268821042223493791858346380666318335188841595230646998134424574796408927488265024611646739790498882383190914573
7011876147644803562843221122637115948162815056503541420537412722620448775689588898195316253399067001473357853097622602110807060591469199733
7714737599545538641000965355016568739733416779522170029099778756335355077704428117745862991114981272243762632646338835945095637484771866061
11563502579960546877371075826150845742714815963337990372846165124175664741063867609396090056202705741329594101302370034732544476407477039157
15378720513906045515409168930582346379789199367895710624324954515299850772982126894446709785628970534190471657399669439940490225156320190543
19386116596343867713944678132616883398332439565381116182712772597133945345000697129353093631186035092739142148156878597956391090088977488461
25572461991717475352187884237913905382111101732964277701515693688675177401500302027933454957753630601768797272485087552523271241564404878379
38239078051842475587269580874704056784466531143560977365906355489813939245161358659973450932875695062089082994236731990283416913733829948369
45738769986210666371650355700327011798476814925128310248935160421488948333024820480884926636547107010747073319821868701937856716484263793911
111109045381287819022467949866276789280501642017715349915891386219017329481052873052356159138174963785400084172829532809418124105814295264151
115782595731827020725205564252281556753478163796493942234601156684391048027391794795044964419087919372405194681820037644282113799974234524767
126581774289539269509000815666759546091944500504841554526493776469079212281577337760939236089210243437277237282352104779709280679744427857201
128353967445462062740123952948315962914485170254293329165197380232432409009568856630439085764128312946732634619060798244458870937788785344187
302576155974874323816085744986834969864562118584656254581595413032839916664478792758451473461275242057577914314986390362848865522189493917493
319405638868657732091372417976188180597428371123085493111538179330384314252242826532724139777591569570147515750346056409364579864216525191973
447437322437658939131696905277472355108646122779968816088723319857815929101047137547044684514222266926374892237845221398753239170241860261109
462389072754697809304726452638296684896095570951722921014941048554716195693094899070800134622227801251165881848789201932517832622764312956273
622354102284484305759022955414788476888571665913087138650180995867068300114984090651595781868576361057572312056749275856086030381649592034837
669352316288521720777383116904489076889792183991290422720265997068285665637594112020564523021508756123089261930916070826783464741405402417999
1880659535327599794094567729800111860794220925420550198465810037565880647058159016061114399279069526309400783638030890013890879074355841533289
2029307444777402590106705688931813071153259457141626434118535290990341510439359985904707120253320650911265329083351263446571769998741634038473
2475255764300445089168441757621434423065267892147821104321817421778859665224962675852542781647710505650047951544626310255678235209126411481173
3912457414040015407879874730654961028034852449176176689706272084223260961013703177681370380178442394225647350637556200437242636661744313308763
5981463131015297869299283233752106264452392926595254961124846215336473656524710653472096439040027348768190239648395576274054805292807090224869
7272719729561068614443775625499225038732145908959319041406758212324767873704665359510229239664511283944981678079095176110327768173672166808701
9179745392677459356145285477514931333543210497722235306699766347384834719493879117050773561599438589893515460698884423523639926396872654246897
37361363647406296077476411730617915176573372733632985265187627531557940015889672464174066886566528837382012600440018097492857316491753950064711
114957515343828664226248135164178303918955545962304944433884339768389607666064328358081866880072857224835100144287231925003562124453992467157237
115983066883309740450211320701567015571662645913362614054360514304251952110244661892838641498275356580361325789799032043645926160089106941505109
144942345110665735679948728378061541663672976319647565772720635985479427202591577067832055007253511828302024576778404844796329382693766738632817
379278544050097947036468413038972582982783387004071052780513316828405454356356624188774752268315261362556065655507158401271145031382801218299723
480964082124533820919527106024797829480885598770941772604610093087469755209384647427670881141228510138028635821754766603986836232023044760203703
710285872160917106716258777905835632193405715697833239052734596777985027368121184759198234080501299296784971745166468547415271599177814050811871
895442331550980712916175635704277203215424911895224880652044155162148767471276939888352744179181980204646437998534592966229185214173192179580499
1016210088826285940874644287434284136038971373848305244444029855075085205172004211159218967196554943509102256256979622775882444661813089013691451
1918957473772491756301858306889412555463494478413590257085916898239435770325190795875439969275489133207664956792054480181135827580867284019194583
3288808104110771850536635038905897218899633749188733901522863415658430077795270658712598486960631069343604860795955023880856341322839248339234223
4600605294671343232506730603198491420477466475742471251169322522004387477394831938609851978002744956722839985483383419507554032825794148170351057
4864826464199524229732786985102645488956729491755904668826626480288094708525682379342722138088551586777222806030330064928367837696025672626887397
7898349677893625265944538823539844089834360131006461114473745165144090386366148139517959564861053334071458240293036723412417438450530265028318871
7944719380787302350015921735692233980845211700621456861232696202605744833530920157821486158133992514089843547532487598235442332757825193792467747
25224922361227177918272677380636226077987813910924544228115690360748290932868473286801846449865117220858647296486556934283560157029752517612687603
29955836612914251966414307412145411909772349168285346848692915163217069061074031436649488791833444875319366114800384134899600226509517434173675671
30140125522859353571402354776879384180471768385521343764000387465077209020737972105556672761132969786388911539287037228868931734492635170197073913
43528401532369893548893330234440156956470702864883369533151546366286102144586336693089353018116321423114349816887191537616224461075176547347886683
57236937842131130715902994173591215108642212119048028074220744768101823402091956504380389803502404525239445198435088185591139345499310137122515307
66083757627812111307187377637736285416479946519914969820397930413055893841667143264156774269367016353790220930044755260424750734847309854404171899
66572761943997854675113432023588154019548593609215889335948972499217245726565204429114038131171968060350963271487056731623750622083888237846817407
74245519955413105600621142598650950406362093664327467349569625984667829429431349957410686628672831264576029080016733257433642022773181832623540619
96020897489338879244648621678829073942641633725271257891234508414333387165811500659876945411971568508271173182007083166820007906770903832469328651
121167295279124695945562525743515011077826796445420005965443450548864837011388420263817079344297205719080306120207371248273885682915173998317772561
156043293650453186541426159631388164423133265744901333672861259903881684003936620090179746253327600853210546714896031947476984491528001194588376249
162009935959675751715048575454708201732178910727516438950902723064805177164901742095743011739265872384727101282552943209862236110156081715335335607
317935348314169122845561454416337958148247943425480690067179282295846004695072745263045651910273398948893634611763815557892280803860913274333853293
344333156132535073266633558316617724901441500380140085350347508599792774375923198182591838208304823261140256825865687180389782038871232967243292299
903284560794572717996180829893348761654338918623960018499235613175466571502887020249844932762700014728293578478895797262571516849581381756293573897
1546452482335665846179730766360538596586316790434454696248645980397679107338546944769218887755085024118301826522208004351575775624307528340898913781
2396286131542703882079534814802168181257314320460686691712760186636680110139847062187851870224146598401473353476330704137197966733031033980257505139
4555031939549314595675799857291040911330629741725725666461977838264220185383183849881513890747422730088059219037424287501321754387708004821505137541
4578689273884680750306066047870066694785234933675501060832936446200404896836533566772059022133217844022455892851109551356900153638639086870778620661
6262954349789980192656111613596208237122748329487816973724963072632218134766995797002972329126093053585997110908908033411623842319765006656955191187
6506498091582967722600691587651785983344923239309265344812607238720210755620920332131696818872849882135266844278471898366823343353646319014786875623
11818412519626706276361216473224887225269790084284638571799588520015598549272754076293872093830294240785037055242675234116890207399773332653333026713
13502109694273126031506489665066281016735752324894584411775120944561471822583327593013268271839304647639462936572549316264259519785505353838566964721
28294438430287262944860987747414358982259715043710236709221044985287476846116641249942936591165073551304809154901704103693605622059018194609875348339
67621378158582364972223559831092424351859433192255466416848691820745485547817323468252734662283910773639705968316026080664191166683097364415558260833
68710062059703142163650542478790731551395107557249737121150561317121488925718519782955268544668239522028079258495973428247206021177599989066388156383
84853396480346146727074973804717873228068638100381533657429065780080785595277689501870482084332528811202926463637919341479363377427121812792991003683
216851807803212880118609965937986739491754377165701424458002685941626838453432429027928551625125621161276413789655164313096972187527419921080066913763
306974534495195017762693509174667196544754414072864044488746015568726088803631353535954515496550175939917385293689134527582723961580807867036564063211
1471281335338159711257068347128278739949582074289379667717155359044920102265124355022374959168865860362457190625956640647964138684161464512878820963259
2745331355371658754594708945463894252729845622171338382581594122305508702292062022688943362450595806752074928805611958797172845159829984963642227791197
2745331355371658754594708945463894252729845622171338382581594122305508702292062022688943362450595806752074928805611958797172845159829984963642227791197
