123456789
123456789234567893456789
12345634562345623456345672345634567
123456789087654323456789087654323456789876543234567890987654323456789
12345678654345678654356754567545676545678
234567897678456789456785654567545678656776
4345654545656765675456765434567899898989876543243232123232323432434565667656767867676767676
43567656784787382748237847348783277348974238157674683561832774598237857871387847287489389327987489789327489
348781275875873818835894847
77184278478717438781437854884573897348
471358784739878437174871
4576143748378437871878741387841789743875894378941
487178743878735895758917894578178475897895718975489784718718978571897184789
41756761789178748957873893687189387489787418787138748578947894817538471978379
84539108949083198984901890813498194890814398989389
47813858719890819048958908198984908139080938904890189058958908901890894198390389849031989438183
47538168571063857847318783489748784738975878437817384987389178943788748187187908498983489859018908908904894948
43817078914758845989898419894898
17438789784718974875878784178891849081438478787837873874887187871878178738781808989
12345678998765432123456789876543212345678987654321234567898765432123456789876543212345678987654321
