13493
24289
382153
1847597
7329997
10146709
72889801
384423847
476808487
3079772953
41814724057
50261235883
961380746899
1123852520591
10796462668973
24644940962407
193167129156737
359225163840889
498147032234231
3058055083070807
25181004346909153
72987715270101991
273610302447252959
2715010585757115319
9921018914835619373
15232057673227888447
120744242566476452591
378340777573427256197
959890103663463871673
7194262945457330228671
27777781591087951968067
43719700137380580876841
516161821433041420825637
1376578708516208652775351
3023635960505242710774877
10609835274899572133920219
12523053463152186460083863
148576406785091433073128377
830776191963308207595196727
13466949923282206523737461341
75060350200670198264506328819
219886532167763762365815401219
553331188682292497019066469321
1673954122063371796081136257837
3476155524114232092224394749767
47819728102353912689844800170739
40442265969743710234890729577951
207630668875573407979967522621029
4137185401636627126256348432875133
5537220213156285290706293732451739
58618267508057967423608673174698567
76676977936409474112627720338127751
139969796105609397335114046005980487
543032764438976740818718509453337919
14889014169495596262018564203121121291
61896027152783990738123485564346136221
211495484685162752830205266241394329251
625234179997707527783921478680090971769
4887327826861401597824718539450116510967
8406946135966603722537459046769841494533
55075215892270519132182514635438816508829
175362720241323335189522551826263345038539
695278066256839139038058351465618670018323
1650767057805807210391599496279703336222429
10262545163596798781978298401585444828338337
28655466949395050731050850982744579332523533
138672221437468349923636775728896865530218387
256751468841407363084086851216612504749629741
600708318866616474337776246040769691915916213
1292085605985289422790028690567247316332306721
30375569185508848297067258880013033574022233981
55037921102012042461705915423139005763022956893
355131982346279583671631635682413099165055233441
1157011998742417318452265043811659831426026676971
12811742242356102665449253625231187551166680272773
18957574213525514929165215802158307829032494284339
273585872560085114353878867138158070524045096587567
902171215833192241307790568458241907804231092640711
2378066701895551632488853046051414856220481056795401
6481826400050424202786189080454846065618754599509023
30051064623178921855561551345374749072239584583672733
120636945391138753657173029794486889240518417219706869
516489440843357549157886238052322386646179815026897291
3309481154378163793488635923355661973707148276677275617
10869104832545712048055000704819444197697556175531064019
16416150899062930789954676069332635697963770441416965913
194821061824456335681971282840452911900861746492498499257
358525580249058706111259577723654233751278286616530700567
3957523507334478052479409266690487485734378083003436986181
11069640019114732357650545569137829328526752510109699318761
77686342559022390356652875663311288228857730360843974578339
93175921090876688934566407675614126301922228650600211727119
432398418883740483356204704937528698503973816993976103559813
